30004
30003
30002
20041
10278
30027
14707
30077
30056
30076
10296
10307
10057
10107
10228
10268
10313
10323
10332
10338
10343
10353
10357
10368
10379
10383
10388
10392
10407
10417
10427
10437
10447
10457
10467
10477
10487
10497
10507
10517
10527
10537
10547
10557
10567
10577
10587
10597
10607
10617
10627
10637
10647
10657
10667
10677
10687
10697
10707
10717
10727
10737
10747
10757
10767
10777
10787
10797
10807
10817
10827
10837
10847
10857
10867
10877
10887
10897
10907
10917
10927
10937
10947
10957
10967
10977
10987
10997
11007
11017
11027
11037
11047
11057
11067
11077
11087
11097
11107
11117